$ANSIBLE_VAULT;1.1;AES256
38323332643534386261393331396639663735326366396561393265393535333634643632336639
3538366631353536383332393335393232666439303966320a653062613031306633303663613939
36666636336265636433323137366632396664323665333465376231643831373563653931656363
3330626264653263610a393964393533393134303539363264343631656261373765346364326238
66376539343463623733366461376562323265613563343336663662363435663031393839303238
38343661383339643936623832653464333838343666616330393839316234646233613965636334
64373062663837306261613532666230353131366233623863313836633736616561376363623861
37623938313836663061313334333131646362393862663530666338393565623163316532623838
35333737326332386465323736616564313963646433383639643938333063623032373662323364
37613335393037353962333137326132383765666361363138356235663261343232383532393037
37383864323539316338306363353134303063653264366236356233356564356266353736343735
32653232323066663861383762373364663162333762636239653538346234666361386530396632
64613638323139396439366336393538303132346334353162386133336431316363383831356234
33363137623966626161326239613264336336633933646631623531346235396463373532383131
34323466336434363735653434356636666165316338313462666638323435346264333466343636
63316235373533336436336565666532393336646632326236663963663439333036316662303931
65663234623263303565386466636439633563653633613161643534303136326663333134396663
36313135643464393436336265306532356633626531663964316436613438636464393937376138
31636432633362303231643365393431393366623961383234656266363831663064313936316232
65393966376431653636313539386539326438393130383632366236666261373838656265373732
65373836613763326664323232636131643165393563666133666538343432333732623634316566
33366535373737316261313538383030643962343965373664343737636630383135323865306364
30666330303738303033373736626464373535303934313566666664353330643238323964356265
63373635653038373233643030643734343736303966373932353032653030623530646463376361
63303434383866633833636432313635373964306639643566663962336665373665666663396464
62656365383732303936333664326131653265636430643461336539373964336534343565666537
61326138643965303363613232653566353465663232386361333138303463343035353466626532
61303138373838613663626466643366663133613139323361383035646663306130336632393863
32356266323438353037376638333535663662643336313131653732386666386563393030386564
39653065613130383530356361313837333165326566653234306335356230336633323964373032
64663832333536366130623532366435363064383965333037356464383837353436386164653638
32366439633633373162363935316539633034623963366231366434633564343736366238303130
30333762626139613866386235616530393835323239303630333066393133616132393738336564
33373030373762633464356166646132616566323330393162633036336136353166333636393365
62386364323636393931626463666661303433626366326237306237313163613565663131666161
63393965336564613438353333383065646530646431316564633665623632656666653237396532
35353535353263613030356163303362373434346632613364383962626237646631353834383939
66326264623361313866363564633033336239633531343136373730353936613935373439653734
32316534633331613765626334363464386631326531363235323637323363373938626632386435
61643663646533633465383730386637653564613531333134373030353834303234633739663365
64306336393563363430376433346330393765626637646138313936633631306532386130646662
37626537623165643530666130393136326331316231376163373633616366366130353233363862
34373031383236353534303364303937643139313262313834386435613430643339653439633730
35323062306434653261313634383133623430393838623031353830343232646239323566363030
31356336373438376437353665303265303136353834636137656338656335353132
